the 0.01 0.01 0.01 0.01 0.01
and 0.01 0.02 0.01 0.01 0.01
cat 1.00 0.02 0.00 0.00 0.00
dog 0.96 0.10 0.00 0.00 0.00
pet 0.94 0.06 0.01 0.00 0.00
kitten 0.98 0.04 0.00 0.00 0.00
lion 0.82 0.20 0.00 0.00 0.00
car 0.00 1.00 0.02 0.00 0.00
truck 0.00 0.96 0.10 0.00 0.00
vehicle 0.01 0.98 0.08 0.00 0.00
road 0.00 0.82 0.22 0.00 0.00
tree 0.00 0.00 1.00 0.02 0.00
forest 0.00 0.00 0.96 0.08 0.00
leaf 0.00 0.00 0.90 0.12 0.00
river 0.00 0.00 0.08 0.98 0.00
water 0.00 0.00 0.04 1.00 0.00
boat 0.00 0.35 0.00 0.82 0.00
music 0.00 0.00 0.00 0.02 1.00
song 0.00 0.00 0.00 0.04 0.96
guitar 0.00 0.00 0.00 0.00 0.92

